-0.041659314
-0.09379458
0.0236517
0.0044156783
-0.0012517034
-0.123527415
-0.022551466
-0.017753534
-0.019343255
-0.11164611
-0.098995835
-0.01004531
-0.062459957
-0.034251668
-0.0594592
0.021925097
-0.1069762
-0.068901405
-0.089623064
-0.017132726
-0.008331352
-0.03993416
-0.0027276275
-0.034894772
-0.08394657
-0.061722223
-0.13944732
-0.023473505
-0.1096393
-0.060092878
-0.020085089
-0.07954869
0.018497165
-0.08964329
-0.048302144
-0.04133715
-0.055753425
-0.08410019
-0.06418855
-0.04802203
0.03634135
-0.022166273
-0.046902545
-0.042962644
0.010117892
0.03594915
-0.012408347
-0.09396913
-0.03202778
-0.047514044
-0.05329909
0.022266101
-0.04180165
-0.029325275
-0.06826598
-0.024533564
-0.039484207
-0.017395759
-0.013853316
-0.025557607
0.012128111
0.005382896
-0.062412553
-0.032957282
0.0034844463
-0.040378895
-0.015769195
-0.07714593
0.02752952
-0.056339364
0.0017843321
-0.03958945
-0.020621777
-0.04274204
-0.058627155
-0.048586678
0.01761627
-0.015363984
-0.012865049
-0.019146552
-0.05882738
-0.047508582
-0.016806927
-0.079200245
-0.070632696
0.020276979
-0.038113985
-0.013963791
-0.078774564
-0.06379882
-0.13700888
-0.058964167
-0.09456657
-0.07830174
-0.051366225
-0.08650628
-0.068693064
0.0151463095
-0.0495752
-0.028867587
-0.015946778
-0.004867929
-0.0021563477
-0.03442472
-0.09358184
-0.019459674
-0.042854484
-0.071751125
-0.081063986
-0.032104734
-0.083701655
-0.06514714
-0.03619219
-0.06048284
-0.0141827585
-0.057063017
0.009695046
-0.07575955
-0.0397436
0.014182139
-0.03198148
0.018607035
-0.022850959
-0.041125182
-0.049713045
0.018349962
-0.0603426
-0.025372552
-0.07380019
-0.016939742
-0.022751901
-0.035124317
-0.05477638
-0.016528755
-0.063776
-0.016953366
-0.06561671
-0.08271117
-0.07678185
0.020852715
-0.12262153
-0.021016795
0.011690901
-0.072884284
-0.06568159
-0.09970665
-0.06635489
-0.04339385
0.008163049
-0.05850255
0.009764834
-0.0039609876
-0.038627993
-0.028281298
-0.054994334
-0.03795262
-0.06457539
0.0094229905
0.00899016
-0.07485274
-0.11450011
-0.043364234
-0.043892495
-0.043060243
-0.07190751
-0.0015952804
-0.07294942
-0.07686591
-0.031265106
-0.055078723
-0.005725225
-0.08847584
-0.11329661
-0.04538916
-0.006034929
-0.049881853
-0.15366486
-0.011830786
0.022104932
0.0035809341
-0.03767779
-0.014580976
-0.02284325
-0.024791744
-0.08802176
-0.012794546
-0.02723817
-0.037653852
-0.004528725
-0.11050084
-0.09122525
-0.091506116
-0.06452065
-0.037115596
-0.014308621
-0.08006076
-0.016103858
0.008085698
-0.0052934196
-0.038670473
-0.038629282
-0.07418456
-0.049377203
0.009875891
0.0061382824
0.022666534
-0.020637803
-0.0116498275
-0.05953115
-0.024033118
0.0041203066
-0.03587746
-0.059770796
-0.05484003
-0.047160383
-0.094761714
-0.008458828
-0.05402035
-0.04902408
-0.052510902
-0.059991047
0.01359004
-0.10487148
-0.022349086
-0.047600705
-0.026354697
-0.092525125
-0.02421084
-0.061498202
-0.017994452
-0.082520425
-0.031966615
-0.005256644
-0.062951356
-0.0476482
-0.05053121
-0.03531553
0.010312163
-0.040027466
-0.098111935
-0.037311304
-0.035902098
-0.039636105
-0.103127964
-0.027631057
-0.060948648
-0.01574446
0.008004832
-0.049735293
-0.06374524
-0.09244143
-0.0051062596
-0.009554592
-0.060226686
-0.012580004
-0.06243199
